Capture_10_Sec_17_817818 285 57 146 25
Capture_10_Sec_17_917918 284 58 163 26
Capture_10_Sec_17_951285 283 60 173 29
Capture_10_Sec_17_984651 281 62 184 32
Capture_10_Sec_18_051385 282 68 201 37
Capture_10_Sec_18_151485 276 75 218 42
Capture_10_Sec_18_184852 272 81 235 47
Capture_10_Sec_18_218218 264 88 273 58
Capture_10_Sec_18_318318 256 98 310 73
Capture_10_Sec_18_385052 225 119 429 117
Capture_10_Sec_18_451785 180 130 569 196
Capture_5_Sec_1_001001 290 83 189 41
Capture_5_Sec_1_034368 283 87 191 37
Capture_5_Sec_1_134468 241 102 261 51
Capture_5_Sec_1_201201 235 107 270 56
Capture_5_Sec_1_234568 209 113 318 81
Capture_5_Sec_1_301301 186 126 356 91
Capture_5_Sec_1_368035 127 130 454 147
Capture_5_Sec_1_401401 87 131 523 207
Capture_5_Sec_1_434768 20 154 628 243
Capture_9_Sec_50.717384 313 76 191 40
Capture_9_Sec_50_784117 300 74 217 54
Capture_9_Sec_50_850851 279 84 262 58
Capture_9_Sec_50.917584 259 94 307 77
Capture_9_Sec_50.950951 238 103 350 90
Capture_9_Sec_51.017684 180 125 470 129
Capture_9_Sec_51_084418 72 153 700 289
